# name;list of colours;
# primary colours
p1;255,0,0;100,0,100;255,50,50;0,0,0;218,41,28;0,132,61;108,172,228;255,103,31;255,103,31;0,148,64;48,38,129;0,171,194;0,20,137;15,117,98;1,65,28;102,204,255;252,209,22;
# separators for tricolores: gold, silver, white, black
p2;255,205,0;211,211,211;255,255,255;0,0,0;255,236,45;
# primary colours for tricolores that have three main colours, with a separator
p3;255,0,0;100,0,100;255,50,50;0,0,0;218,41,28;0,132,61;108,172,228;255,103,31;255,103,31;0,148,64;48,38,129;0,171,194;0,20,137;15,117,98;1,65,28;102,204,255;252,209,22;
# symbol colours
s1;255,255,255;211,211,211;255,205,0;0,0,0;248,196,4;196,17,27;
#primary, non separator groups that need to be compatible
pc1;218,41,28;0,175,102;0,32,91;
