0 = { 0 1236 1008 1329 }
44939;907;43
1 = { 1 442 1138 }
195258;698;190
2 = { 2 563 330 }
342814;798;334
3 = { 3 1058 595 }
151878;326;148
4 = { 4 710 491 }
418027;235;408
5 = { 5 417 651 808 }
335451;603;327
6 = { 6 855 579 840 }
31045;325;30
7 = { 7 387 127 1263 }
132901;805;129
8 = { 8 464 1112 }
488580;132;477
9 = { 9 1180 539 1364 }
83729;785;81
10 = { 10 134 327 }
224022;790;218
11 = { 11 667 181 }
56428;108;55
12 = { 12 752 708 }
300206;174;293
13 = { 13 272 1353 }
69096;488;67
14 = { 14 999 441 34 }
392530;338;383
15 = { 15 424 264 }
400512;128;391
16 = { 16 371 263 }
230077;701;224
17 = { 17 994 262 }
300773;741;293
18 = { 18 1147 1014 }
28863;191;28
19 = { 19 711 713 }
282429;829;275
20 = { 20 751 216 }
357994;618;349
21 = { 21 1221 976 1272 }
350124;940;341
22 = { 22 1185 498 }
205189;389;200
23 = { 23 810 1359 }
5192;72;5
24 = { 24 963 917 }
299928;920;292
25 = { 25 652 56 332 583 }
162913;97;159
26 = { 26 585 1340 1251 }
157572;900;153
27 = { 27 1290 1085 }
248115;307;242
28 = { 28 716 499 }
235038;542;229
29 = { 29 901 1347 1184 }
310479;207;303
30 = { 30 494 186 948 972 }
512178;178;500
31 = { 31 1245 804 688 }
361111;663;352
32 = { 32 80 257 561 }
264959;767;258
33 = { 33 923 741 }
211278;334;206
34 = { 35 805 897 }
326515;883;318
35 = { 36 237 1309 }
433889;737;423
36 = { 37 1188 749 1287 }
7357;189;7
37 = { 38 495 835 }
247392;608;241
38 = { 39 398 401 1643 }
330489;761;322
39 = { 40 1285 924 }
380733;829;371
40 = { 41 1096 703 }
494941;349;483
41 = { 42 764 1079 1327 }
20364;908;19
42 = { 43 722 455 649 }
98218;938;95
43 = { 44 1283 625 }
43238;230;42
44 = { 45 1020 1204 }
270744;408;264
45 = { 46 145 78 777 }
267157;917;260
46 = { 47 913 420 }
261855;735;255
47 = { 48 964 966 }
248092;284;242
48 = { 49 619 1108 179 488 754 848 1620 }
101455;79;99
49 = { 50 1033 983 1271 }
410299;699;400
50 = { 51 980 725 503 }
325268;660;317
51 = { 52 750 683 838 }
236283;763;230
52 = { 53 911 930 }
147859;403;144
53 = { 54 1113 889 }
460627;851;449
54 = { 55 410 193 }
74896;144;73
55 = { 57 389 }
335925;53;328
56 = { 58 443 775 }
342428;412;334
57 = { 59 515 809 }
7510;342;7
58 = { 60 152 965 }
148313;857;144
59 = { 61 946 696 843 }
340706;738;332
60 = { 62 644 1143 }
74168;440;72
61 = { 63 851 1235 }
184602;282;180
62 = { 64 557 1073 }
169272;312;165
63 = { 65 230 318 }
191327;863;186
64 = { 66 337 628 829 }
95677;445;93
65 = { 67 1311 507 }
225909;629;220
66 = { 68 2464 1080 }
301450;394;294
67 = { 69 784 1253 705 }
304623;495;297
68 = { 70 568 1299 1107 }
429197;141;419
69 = { 71 1041 702 }
453234;626;442
70 = { 72 114 1006 }
364426;906;355
71 = { 73 1267 361 }
195339;779;190
72 = { 74 1195 1330 766 806 }
174238;158;170
73 = { 75 500 1146 }
156453;805;152
74 = { 76 700 760 }
173811;755;169
75 = { 77 473 875 1224 }
185752;408;181
76 = { 79 615 154 }
234152;680;228
77 = { 81 307 1116 }
356082;754;347
78 = { 82 1066 646 591 1040 }
43070;62;42
79 = { 83 863 1242 605 }
10451;211;10
80 = { 84 1342 996 952 }
197540;932;192
81 = { 85 695 430 }
219980;844;214
82 = { 86 313 995 }
357142;790;348
83 = { 87 1139 859 }
85848;856;83
84 = { 88 1065 922 391 }
450368;832;439
85 = { 89 610 717 }
242514;850;236
86 = { 90 1034 632 }
221625;441;216
87 = { 91 156 2484 1629 }
514401;353;502
88 = { 92 902 582 }
413875;179;404
89 = { 93 822 1181 793 }
481828;548;470
90 = { 94 1339 }
128571;571;125
91 = { 95 1094 1086 }
403351;919;393
92 = { 96 447 783 }
248146;338;242
93 = { 97 1365 1083 }
308018;818;300
94 = { 98 115 477 }
206109;285;201
95 = { 99 1012 842 929 }
91241;105;89
96 = { 100 861 690 }
215726;686;210
97 = { 101 1163 250 }
382115;163;373
98 = { 102 1326 305 1217 }
95390;158;93
99 = { 103 765 1153 }
280201;649;273
100 = { 104 259 960 }
101244;892;98
101 = { 105 663 880 }
270635;299;264
102 = { 106 990 1196 }
496826;186;485
103 = { 107 747 547 }
383885;909;374
104 = { 108 869 1282 }
478539;331;467
105 = { 109 906 411 1046 }
360761;313;352
106 = { 110 249 1298 1141 }
481715;435;470
107 = { 111 204 849 1160 1027 }
109884;316;107
108 = { 112 1162 345 }
158069;373;154
109 = { 113 969 707 446 }
17768;360;17
110 = { 116 365 908 }
68460;876;66
111 = { 118 820 }
240398;782;234
112 = { 119 1202 824 }
328049;369;320
113 = { 120 1106 797 }
50777;601;49
114 = { 121 1264 1110 2475 }
392931;739;383
115 = { 122 275 1323 873 }
191296;832;186
116 = { 123 1155 321 1232 }
321708;172;314
117 = { 124 1305 516 }
190335;895;185
118 = { 125 357 616 1234 }
298773;789;291
119 = { 126 384 416 299 }
473319;231;462
120 = { 128 781 1024 }
207734;886;202
121 = { 129 1128 1249 }
359264;864;350
122 = { 130 560 811 }
294241;353;287
123 = { 131 1115 1050 }
181611;363;177
124 = { 132 267 745 2467 }
312747;427;305
125 = { 135 697 731 419 }
74309;581;72
126 = { 136 898 489 2470 }
321429;917;313
127 = { 137 228 928 1015 }
249266;434;243
128 = { 138 1274 1237 529 1295 2459 }
87541;501;85
129 = { 139 354 1117 }
513154;130;501
130 = { 140 844 1004 }
268961;673;262
131 = { 141 668 }
392105;937;382
132 = { 142 397 1056 2472 }
352947;691;344
133 = { 143 653 484 654 }
507092;212;495
134 = { 144 706 866 }
22688;160;22
135 = { 146 893 971 1043 }
28631;983;27
136 = { 147 925 1192 }
420731;891;410
137 = { 148 1183 463 }
111388;796;108
138 = { 149 408 932 }
77699;899;75
139 = { 150 645 828 1358 }
281307;731;274
140 = { 151 383 426 1101 }
207606;758;202
141 = { 153 876 304 }
162708;916;158
142 = { 155 790 238 755 }
418237;445;408
143 = { 157 2457 271 }
47354;250;46
144 = { 158 462 1226 }
47980;876;46
145 = { 160 1223 524 }
506967;87;495
146 = { 161 1243 162 427 586 }
406679;151;397
147 = { 163 301 343 }
273181;797;266
148 = { 164 926 647 }
18690;258;18
149 = { 165 954 }
119479;695;116
150 = { 166 896 1270 }
296605;669;289
151 = { 167 1269 364 }
224612;356;219
152 = { 168 973 2468 }
312704;384;305
153 = { 169 748 1051 306 }
284156;508;277
154 = { 170 576 891 }
21078;598;20
155 = { 171 285 1220 1035 }
130372;324;127
156 = { 172 505 878 1346 }
330986;234;323
157 = { 173 1122 701 567 }
435911;711;425
158 = { 174 827 1064 }
368241;625;359
159 = { 175 476 1095 }
31371;651;30
160 = { 176 779 818 }
366518;950;357
161 = { 177 787 577 }
60669;253;59
162 = { 178 226 1268 2473 }
380664;760;371
163 = { 180 433 1301 }
313958;614;306
164 = { 182 1157 815 }
456407;727;445
165 = { 183 618 311 }
192283;795;187
166 = { 184 378 1231 2487 }
276679;199;270
167 = { 185 231 533 }
322245;709;314
168 = { 187 510 826 }
491627;107;480
169 = { 188 1213 190 }
99731;403;97
170 = { 189 1025 674 }
215760;720;210
171 = { 191 220 1120 992 2460 }
166411;523;162
172 = { 192 344 798 }
368461;845;359
173 = { 194 833 }
437483;235;427
174 = { 195 1109 682 }
7272;104;7
175 = { 196 581 602 604 }
225592;312;220
176 = { 197 655 1069 }
215953;913;210
177 = { 198 1131 }
368883;243;360
178 = { 199 453 1018 }
47287;183;46
179 = { 200 1348 933 }
7978;810;7
180 = { 201 1199 236 }
492695;151;481
181 = { 202 867 326 1288 }
222357;149;217
182 = { 203 1074 903 }
274278;870;267
183 = { 205 317 1030 }
301821;765;294
184 = { 206 483 1320 2482 }
475506;370;464
185 = { 207 413 949 }
343753;713;335
186 = { 208 471 794 }
245286;550;239
187 = { 209 837 684 1212 }
145692;284;142
188 = { 210 382 773 }
368337;721;359
189 = { 211 739 955 }
438751;479;428
190 = { 212 386 434 }
249580;748;243
191 = { 213 900 256 }
469142;150;458
192 = { 214 388 1103 297 761 }
219741;605;214
193 = { 215 868 661 }
295790;878;288
194 = { 217 469 1198 1230 }
461894;70;451
195 = { 218 1292 1338 }
471160;120;460
196 = { 219 836 565 1169 }
22613;85;22
197 = { 222 1000 240 975 1119 }
41426;466;40
198 = { 223 1275 247 904 }
328899;195;321
199 = { 224 1052 245 }
66636;76;65
200 = { 225 486 905 894 1259 }
294510;622;287
201 = { 227 1124 677 }
357174;822;348
202 = { 229 685 274 }
118615;855;115
203 = { 232 1173 622 }
328138;458;320
204 = { 233 497 460 }
472153;89;461
205 = { 234 709 1084 }
186260;916;181
206 = { 235 1314 934 }
289619;851;282
207 = { 239 780 315 }
326029;397;318
208 = { 241 251 1328 }
237139;595;231
209 = { 242 692 540 506 }
365606;38;357
210 = { 243 356 770 }
323289;729;315
211 = { 244 1208 1071 }
47672;568;46
212 = { 246 1021 736 1205 }
134553;409;131
213 = { 248 1118 368 1032 }
85875;883;83
214 = { 252 302 937 744 }
84092;124;82
215 = { 253 457 1332 600 1276 }
217897;809;212
216 = { 254 292 857 967 }
9137;945;8
217 = { 255 467 421 1278 981 }
90928;816;88
218 = { 258 919 449 1190 1254 }
140589;301;137
219 = { 260 1261 774 1209 }
478394;186;467
220 = { 261 712 821 874 }
194934;374;190
221 = { 265 558 1255 }
299700;692;292
222 = { 266 1098 428 }
172987;955;168
223 = { 268 502 589 854 }
112446;830;109
224 = { 269 978 680 }
86487;471;84
225 = { 270 513 1260 1273 1324 }
353362;82;345
226 = { 273 556 637 }
321307;795;313
227 = { 276 1266 611 945 }
7033;889;6
228 = { 277 877 719 1355 }
449881;345;439
229 = { 278 1002 }
86436;420;84
230 = { 279 1360 }
388663;567;379
231 = { 280 1187 786 }
313216;896;305
232 = { 281 1001 817 }
170848;864;166
233 = { 282 536 490 }
442484;116;432
234 = { 283 603 }
97845;565;95
235 = { 284 1277 329 }
255302;326;249
236 = { 286 1233 872 }
33879;87;33
237 = { 287 792 298 2461 480 643 }
179831;631;175
238 = { 288 562 800 }
347523;387;339
239 = { 289 1159 }
19758;302;19
240 = { 290 1203 587 795 }
149225;745;145
241 = { 291 1091 1337 }
318814;350;311
242 = { 293 335 1149 }
343898;858;335
243 = { 295 977 1189 }
223974;742;218
244 = { 296 1125 375 }
442517;149;432
245 = { 300 518 }
101217;865;98
246 = { 303 1148 1300 648 }
334656;832;326
247 = { 308 672 753 }
36177;337;35
248 = { 309 723 399 650 }
420955;91;411
249 = { 310 1218 566 }
324542;958;316
250 = { 312 785 1321 }
441713;369;431
251 = { 314 763 418 884 }
518379;235;506
252 = { 316 528 1047 }
62629;165;61
253 = { 319 998 }
502093;333;490
254 = { 320 553 358 }
38040;152;37
255 = { 322 1016 }
520759;567;508
256 = { 323 1366 }
56187;891;54
257 = { 324 1142 2486 }
33649;881;32
258 = { 325 778 2483 }
489792;320;478
259 = { 328 730 570 }
392981;789;383
260 = { 331 1306 }
442195;851;431
261 = { 333 982 1067 }
362891;395;354
262 = { 334 520 }
379391;511;370
263 = { 336 720 1286 997 812 1053 }
318718;254;311
264 = { 338 841 1100 }
61389;973;59
265 = { 339 1317 }
232320;896;226
266 = { 340 1350 }
47688;584;46
267 = { 341 883 921 }
162234;442;158
268 = { 342 1048 }
382177;225;373
269 = { 346 1315 959 1335 }
57085;765;55
270 = { 347 1093 348 }
513393;369;501
271 = { 349 1238 1114 }
304728;600;297
272 = { 350 633 699 }
383681;705;374
273 = { 351 918 1003 }
358255;879;349
274 = { 352 962 947 }
170786;802;166
275 = { 353 865 823 1044 }
32008;264;31
276 = { 355 1297 1145 }
3228;156;3
277 = { 359 437 517 }
309898;650;302
278 = { 360 871 548 }
362981;485;354
279 = { 362 1182 890 }
257405;381;251
280 = { 363 2463 1363 }
253787;859;247
281 = { 366 895 617 }
118651;891;115
282 = { 367 584 }
473713;625;462
283 = { 369 373 686 870 1060 }
165803;939;161
284 = { 370 1013 614 }
478376;168;467
285 = { 372 594 1313 }
456566;886;445
286 = { 374 470 1039 }
277369;889;270
287 = { 376 377 1177 }
213656;664;208
288 = { 379 2456 }
35716;900;34
289 = { 380 641 621 543 }
441423;79;431
290 = { 381 1280 }
419955;115;410
291 = { 385 1152 }
79959;87;78
292 = { 390 938 1334 802 }
173394;338;169
293 = { 392 1133 }
392374;182;383
294 = { 393 530 743 1222 }
418567;775;408
295 = { 394 1194 1144 }
481113;857;469
296 = { 395 1291 }
314821;453;307
297 = { 396 953 }
230966;566;225
298 = { 400 1061 531 }
252617;713;246
299 = { 402 1156 864 1186 }
245544;808;239
300 = { 403 2469 474 1709 }
318068;628;310
301 = { 404 659 1310 1170 294 609 1307 }
468733;765;457
302 = { 405 656 1225 }
262962;818;256
303 = { 406 2476 2479 }
412365;717;402
304 = { 407 1031 732 }
404582;102;395
305 = { 409 1341 1303 }
404228;772;394
306 = { 412 549 }
41719;759;40
307 = { 414 887 }
304497;369;297
308 = { 415 768 1055 }
283019;395;276
309 = { 422 956 573 }
14472;136;14
310 = { 423 1256 1210 }
105614;142;103
311 = { 425 544 909 1076 }
476024;888;464
312 = { 429 881 638 1216 }
133013;917;129
313 = { 431 714 1304 }
391644;476;382
314 = { 432 2474 974 }
377258;426;368
315 = { 435 1241 1077 }
198358;726;193
316 = { 436 1227 454 1349 }
108000;480;105
317 = { 438 468 }
33380;612;32
318 = { 439 1262 796 }
229800;424;224
319 = { 440 448 1361 }
283836;188;277
320 = { 444 1279 606 }
167330;418;163
321 = { 445 943 }
290603;811;283
322 = { 450 942 1130 }
17471;63;17
323 = { 451 466 }
181544;296;177
324 = { 452 935 816 }
438136;888;427
325 = { 456 899 159 }
488127;703;476
326 = { 458 588 1059 879 }
512152;152;500
327 = { 459 1343 2477 }
410336;736;400
328 = { 461 920 }
325421;813;317
329 = { 465 769 1248 }
191218;754;186
330 = { 472 1088 552 }
218573;461;213
331 = { 475 1011 916 117 }
20015;559;19
332 = { 478 629 1319 }
129896;872;126
333 = { 479 523 1362 }
303942;838;296
334 = { 481 657 1171 }
493644;76;482
335 = { 482 1200 738 }
236176;656;230
336 = { 485 1072 555 740 }
266065;849;259
337 = { 487 554 737 }
372489;777;363
338 = { 492 734 1150 }
175948;844;171
339 = { 493 1351 803 1161 }
441522;178;431
340 = { 496 2466 }
311488;192;304
341 = { 501 1105 1164 }
30832;112;30
342 = { 504 1038 664 }
264584;392;258
343 = { 508 941 }
455821;141;445
344 = { 509 1257 834 1087 }
139173;933;135
345 = { 511 1129 846 }
29600;928;28
346 = { 512 593 }
51293;93;50
347 = { 514 813 1005 }
418547;755;408
348 = { 519 597 989 }
194879;319;190
349 = { 521 1045 1151 724 }
339854;910;331
350 = { 522 914 936 }
106385;913;103
351 = { 525 596 1037 }
135038;894;131
352 = { 526 931 993 }
68803;195;67
353 = { 527 832 1042 }
222059;875;216
354 = { 532 985 }
238397;829;232
355 = { 534 1070 915 726 }
487781;357;476
356 = { 535 660 574 }
282993;369;276
357 = { 537 1132 1228 }
341422;430;333
358 = { 538 1284 624 }
513776;752;501
359 = { 541 1166 735 }
161159;391;157
360 = { 542 718 888 }
47233;129;46
361 = { 545 679 }
331693;941;323
362 = { 546 984 1175 }
153344;768;149
363 = { 550 986 }
471906;866;460
364 = { 551 839 }
229670;294;224
365 = { 559 1191 1010 }
518583;439;506
366 = { 564 885 }
369322;682;360
367 = { 569 1168 }
283526;902;276
368 = { 571 1289 607 }
211590;646;206
369 = { 572 2462 772 }
243148;460;237
370 = { 575 639 1078 }
267611;347;261
371 = { 578 801 1089 }
47390;286;46
372 = { 580 1352 939 }
252579;675;246
373 = { 590 1140 1026 }
200499;819;195
374 = { 592 1121 1345 }
236909;365;231
375 = { 598 912 }
430435;355;420
376 = { 599 1214 }
264263;71;258
377 = { 601 1167 759 1036 }
282532;932;275
378 = { 608 1092 1158 691 }
345301;213;337
379 = { 612 670 }
230736;336;225
380 = { 613 771 }
462088;264;451
381 = { 620 1102 1179 1336 }
365776;208;357
382 = { 623 1281 673 }
244343;631;238
383 = { 626 742 }
25836;236;25
384 = { 627 979 }
350267;59;342
385 = { 630 1197 }
4143;47;4
386 = { 631 776 }
308064;864;300
387 = { 634 1211 133 1007 }
331740;988;323
388 = { 635 1097 1111 }
21445;965;20
389 = { 636 669 1023 }
176864;736;172
390 = { 640 1081 }
199008;352;194
391 = { 642 1357 662 }
148836;356;145
392 = { 658 789 676 853 }
277823;319;271
393 = { 665 1258 }
190153;713;185
394 = { 666 858 1135 }
40142;206;39
395 = { 671 1247 1017 1127 221 1252 }
496510;894;484
396 = { 675 1325 }
457065;361;446
397 = { 678 1240 }
385606;582;376
398 = { 681 1136 862 }
398766;430;389
399 = { 687 767 958 }
383783;807;374
400 = { 689 1009 }
221022;862;215
401 = { 693 721 1296 }
423818;906;413
402 = { 694 950 }
273837;429;267
403 = { 698 782 2480 }
439029;757;428
404 = { 704 1206 }
172806;774;168
405 = { 715 1354 1123 }
256644;644;250
406 = { 727 791 }
52367;143;51
407 = { 728 1356 }
161102;334;157
408 = { 729 991 }
218388;276;213
409 = { 733 1029 907 }
457404;700;446
410 = { 746 1028 }
318130;690;310
411 = { 756 860 1344 }
131903;831;128
412 = { 757 2485 }
519550;382;507
413 = { 758 968 }
269074;786;262
414 = { 762 1318 1333 }
268992;704;262
415 = { 788 1244 }
14510;174;14
416 = { 799 910 1246 }
239318;726;233
417 = { 807 1229 }
305873;721;298
418 = { 814 1215 }
347326;190;339
419 = { 819 2478 }
418517;725;408
420 = { 825 852 951 }
429224;168;419
421 = { 830 1049 }
453731;99;443
422 = { 831 1137 }
407905;353;398
423 = { 845 940 987 }
476893;733;465
424 = { 847 1126 }
461937;113;451
425 = { 850 882 }
358302;926;349
426 = { 856 961 1207 }
154435;835;150
427 = { 886 970 1308 }
257578;554;251
428 = { 892 1063 1134 }
452791;183;442
429 = { 927 957 }
519240;72;507
430 = { 944 1165 1176 1154 }
513130;106;501
431 = { 988 1331 }
167733;821;163
432 = { 1019 1250 2465 }
300177;145;293
433 = { 1022 1172 }
371428;740;362
434 = { 1054 1068 }
272482;98;266
435 = { 1057 1312 }
246171;411;240
436 = { 1062 1090 1322 }
156527;879;152
437 = { 1075 2458 }
83394;450;81
438 = { 1082 1178 }
7059;915;6
439 = { 1099 1193 }
208274;402;203
440 = { 1104 1219 1293 1294 }
117280;544;114
441 = { 1174 1265 }
324363;779;316
442 = { 1201 1302 }
209197;301;204
443 = { 1239 2471 }
353978;698;345
444 = { 1316 2481 }
445283;867;434
445 = { 1367 2436 1780 }
53155;931;51
446 = { 1368 2213 2179 }
484615;263;473
447 = { 1369 1552 1422 }
414008;312;404
448 = { 1370 1904 1964 }
498664;1000;486
449 = { 1371 1511 2169 2235 }
158938;218;155
450 = { 1372 1895 1473 }
387446;374;378
451 = { 1373 2067 1568 }
241132;492;235
452 = { 1374 1690 2158 }
424359;423;414
453 = { 1375 1882 2031 }
474573;461;463
454 = { 1376 1654 2455 }
249997;141;244
455 = { 1377 2198 2334 }
495433;841;483
456 = { 1378 2115 1577 2148 }
246888;104;241
457 = { 1379 1506 1562 }
44017;1009;42
458 = { 1380 2011 2288 }
374403;643;365
459 = { 1381 1869 2280 }
325956;324;318
460 = { 1382 2007 2137 2418 }
393202;1010;383
461 = { 1383 2055 2151 }
15821;461;15
462 = { 1384 1598 1868 }
125546;618;122
463 = { 1385 2155 1951 }
102654;254;100
464 = { 1386 2411 2406 }
111602;1010;108
465 = { 1387 1885 2006 1838 }
468907;939;457
466 = { 1388 1816 1499 }
507941;37;496
467 = { 1389 1752 2129 }
453057;449;442
468 = { 1390 1930 1946 1722 }
355502;174;347
469 = { 1391 1489 1767 }
12019;755;11
470 = { 1392 1515 1543 }
115899;187;113
471 = { 1393 1536 2410 }
283145;521;276
472 = { 1394 2136 1646 1962 }
231410;1010;225
473 = { 1395 2026 1626 }
216128;64;211
474 = { 1396 1812 2438 1991 2194 }
71658;1002;69
475 = { 1397 1670 1764 }
420188;348;410
476 = { 1398 2304 1591 }
63844;356;62
477 = { 1399 1460 1691 }
462394;570;451
478 = { 1400 2322 1523 2310 }
146985;553;143
479 = { 1401 2371 2313 }
124969;41;122
480 = { 1402 2030 1680 1945 }
6742;598;6
481 = { 1403 1758 2025 }
412160;512;402
482 = { 1404 2054 2080 }
172047;15;168
483 = { 1405 1463 1456 }
283612;988;276
484 = { 1406 2278 2014 }
226230;950;220
485 = { 1407 1924 1785 1938 1969 }
85181;189;83
486 = { 1408 1554 1578 }
270804;468;264
487 = { 1409 2167 1975 2029 }
357726;350;349
488 = { 1410 2061 2250 }
506363;507;494
489 = { 1411 1823 1719 }
164848;1008;160
490 = { 1412 1502 1420 }
317963;523;310
491 = { 1413 2287 2342 1908 }
17913;505;17
492 = { 1414 1814 1461 }
82640;720;80
493 = { 1415 2187 1513 }
488027;603;476
494 = { 1416 1559 2036 }
12828;540;12
495 = { 1417 1779 2408 }
406136;632;396
496 = { 1418 2195 1430 }
288802;34;282
497 = { 1419 2000 1978 }
129261;237;126
498 = { 1421 2223 1652 }
436488;264;426
499 = { 1423 1451 2232 }
29107;435;28
500 = { 1424 2046 2165 }
68527;943;66
501 = { 1425 2283 1948 }
485129;777;473
502 = { 1426 2024 1428 }
429735;679;419
503 = { 1427 2060 }
147466;10;144
504 = { 1429 1468 1438 }
44857;825;43
505 = { 1431 1934 2386 }
10550;310;10
506 = { 1432 1732 2363 }
458324;596;447
507 = { 1433 2181 1575 2454 }
73333;629;71
508 = { 1434 1444 2251 }
58904;536;57
509 = { 1435 2119 2407 }
382044;92;373
510 = { 1436 2259 1647 1971 1988 }
122567;711;119
511 = { 1437 1765 2171 }
127450;474;124
512 = { 1439 2403 1745 }
15770;410;15
513 = { 1440 2013 2285 }
143405;45;140
514 = { 1441 2047 1911 }
98353;49;96
515 = { 1442 1662 2071 }
11951;687;11
516 = { 1443 1611 2323 2220 2289 }
368757;117;360
517 = { 1445 1621 2425 }
127115;139;124
518 = { 1446 2351 1678 1929 }
171062;54;167
519 = { 1447 2316 1863 }
419469;653;409
520 = { 1448 1606 2226 2146 }
369173;533;360
521 = { 1449 1685 1592 }
232695;247;227
522 = { 1450 1467 1949 }
257253;229;251
523 = { 1452 2086 2276 }
196020;436;191
524 = { 1453 1597 1777 }
64813;301;63
525 = { 1454 1821 2075 }
16152;792;15
526 = { 1455 2319 1927 2063 2078 }
105485;13;103
527 = { 1457 2296 2332 }
36144;304;35
528 = { 1458 1507 1661 }
489870;398;478
529 = { 1459 1484 1721 }
16398;14;16
530 = { 1462 1858 1531 }
197750;118;193
531 = { 1464 1640 2335 }
33504;736;32
532 = { 1465 2105 1600 }
406573;45;397
533 = { 1466 1533 2341 }
455337;681;444
534 = { 1469 1849 1748 }
443316;948;432
535 = { 1470 2381 1967 }
420659;819;410
536 = { 1471 1664 2074 }
48552;424;47
537 = { 1472 1778 1983 2217 }
300042;10;293
538 = { 1474 2236 1995 }
38366;478;37
539 = { 1475 2292 1565 }
488747;299;477
540 = { 1476 1892 2138 }
129666;642;126
541 = { 1477 1878 2350 2328 }
73950;222;72
542 = { 1478 1912 }
391487;319;382
543 = { 1479 2040 1615 1796 }
215541;501;210
544 = { 1480 1553 2141 }
454940;284;444
545 = { 1481 2051 1746 }
188942;526;184
546 = { 1482 2174 2009 }
467983;15;457
547 = { 1483 2185 2203 }
118714;954;115
548 = { 1485 2441 2265 1820 }
203707;955;198
549 = { 1486 2118 2062 }
469045;53;458
550 = { 1487 1761 2434 }
43650;642;42
551 = { 1488 1633 1973 }
446947;483;436
552 = { 1490 2399 }
262163;19;256
553 = { 1491 1910 2365 }
169092;132;165
554 = { 1492 2227 1860 }
242189;525;236
555 = { 1493 1632 1697 1639 }
388045;973;378
556 = { 1494 1846 1657 }
28029;381;27
557 = { 1495 1735 1970 }
433358;206;423
558 = { 1496 1742 1833 }
292114;274;285
559 = { 1497 1538 2122 }
473606;518;462
560 = { 1498 1660 1896 2095 }
340515;547;332
561 = { 1500 1740 1501 1972 }
400638;254;391
562 = { 1503 1840 1677 }
260078;1006;253
563 = { 1504 1980 1755 }
150487;983;146
564 = { 1505 1795 2432 }
244687;975;238
565 = { 1508 1836 }
513434;410;501
566 = { 1509 2415 2249 }
451077;517;440
567 = { 1510 1674 2084 }
185838;494;181
568 = { 1512 1834 2427 }
439200;928;428
569 = { 1514 2356 2414 }
70300;668;68
570 = { 1516 2088 1804 }
505801;969;493
571 = { 1517 1610 1923 1679 }
240548;932;234
572 = { 1518 1852 1781 }
205909;85;201
573 = { 1519 1847 1634 }
184286;990;179
574 = { 1520 1667 2110 2297 }
59780;388;58
575 = { 1521 2248 1857 }
161350;582;157
576 = { 1522 1775 1659 }
369097;457;360
577 = { 1524 1872 2348 }
156110;462;152
578 = { 1525 2098 }
177187;35;173
579 = { 1526 2305 2237 }
77721;921;75
580 = { 1527 2159 }
363468;972;354
581 = { 1528 2113 2336 }
408590;14;399
582 = { 1529 1696 2005 }
198218;586;193
583 = { 1530 1563 1701 }
378142;286;369
584 = { 1532 2161 1826 }
323725;141;316
585 = { 1534 1887 1963 }
109860;292;107
586 = { 1535 2326 2091 }
50667;491;49
587 = { 1537 1960 1932 2412 }
301364;308;294
588 = { 1539 2156 2329 }
194000;464;189
589 = { 1540 2112 2038 }
103035;635;100
590 = { 1541 2320 2001 1671 }
276614;134;270
591 = { 1542 1724 2239 }
358553;153;350
592 = { 1544 1612 2435 2004 2100 }
441369;25;431
593 = { 1545 1572 2170 }
510618;666;498
594 = { 1546 2224 2391 }
110167;599;107
595 = { 1547 1713 1608 }
431400;296;421
596 = { 1548 1809 2387 }
123398;518;120
597 = { 1549 2275 1827 }
11980;716;11
598 = { 1550 2240 1890 }
184871;551;180
599 = { 1551 2193 2450 }
136397;205;133
600 = { 1555 1651 1897 2140 }
269239;951;262
601 = { 1556 1976 1901 }
202762;10;198
602 = { 1557 2398 1737 2282 }
487328;928;475
603 = { 1558 1829 2405 2032 2153 }
70691;35;69
604 = { 1560 2264 1727 2452 }
261623;503;255
605 = { 1561 1771 1891 }
107074;578;104
606 = { 1564 1939 2343 1763 }
284778;106;278
607 = { 1566 2413 2388 }
221353;169;216
608 = { 1567 1642 1981 1717 }
160454;710;156
609 = { 1569 2270 }
250124;268;244
610 = { 1570 1734 1581 }
236558;14;231
611 = { 1571 2269 1917 }
87374;334;85
612 = { 1573 1844 2050 }
257605;581;251
613 = { 1574 2294 1736 }
276001;545;269
614 = { 1576 1992 1688 }
423898;986;413
615 = { 1579 2420 2066 }
514876;828;502
616 = { 1580 1940 1593 }
293973;85;287
617 = { 1582 1979 2256 }
199883;203;195
618 = { 1583 2106 2145 1876 }
480976;720;469
619 = { 1584 2077 2094 }
341498;506;333
620 = { 1585 2183 2242 }
311355;59;304
621 = { 1586 2163 1782 }
237763;195;232
622 = { 1587 2361 2389 }
401950;542;392
623 = { 1588 2130 }
336547;675;328
624 = { 1589 1986 1984 }
481930;650;470
625 = { 1590 1718 2258 2033 }
140725;437;137
626 = { 1594 2373 2142 }
418640;848;408
627 = { 1595 2189 1650 2104 }
291253;437;284
628 = { 1596 2268 1877 }
447113;649;436
629 = { 1599 1994 2222 }
430472;392;420
630 = { 1601 2099 1669 }
429641;585;419
631 = { 1602 1943 1665 1933 }
56022;726;54
632 = { 1603 2238 2082 }
130019;995;126
633 = { 1604 1797 2330 }
74000;272;72
634 = { 1605 2370 2346 }
85534;542;83
635 = { 1607 1871 }
370161;497;361
636 = { 1609 1744 2068 2214 }
510589;637;498
637 = { 1613 1693 2357 }
414177;481;404
638 = { 1614 1922 2190 }
249001;169;243
639 = { 1616 1754 1702 }
457711;1007;446
640 = { 1617 1952 }
172142;110;168
641 = { 1618 2096 }
483748;420;472
642 = { 1619 2246 1770 }
474926;814;463
643 = { 1622 2072 1773 }
354561;257;346
644 = { 1623 1944 2395 }
182954;682;178
645 = { 1624 2400 1627 2209 }
34472;680;33
646 = { 1625 1974 1813 }
342146;130;334
647 = { 1628 2201 1774 1997 }
497677;13;486
648 = { 1630 2303 2340 }
431899;795;421
649 = { 1631 2367 2431 }
95978;746;93
650 = { 1635 2117 2175 2261 }
355309;1005;346
651 = { 1636 1818 2041 }
321365;853;313
652 = { 1637 2402 1772 }
512590;590;500
653 = { 1638 1655 1811 }
128085;85;125
654 = { 1641 1913 1996 }
183520;224;179
655 = { 1644 1787 2345 }
141965;653;138
656 = { 1645 2003 2188 }
234884;388;229
657 = { 1648 1848 2233 }
291391;575;284
658 = { 1649 2352 1999 1695 }
453953;321;443
659 = { 1653 2409 2069 }
86256;240;84
660 = { 1656 1815 2002 }
77206;406;75
661 = { 1658 2442 }
327140;484;319
662 = { 1663 1855 2451 }
118174;414;115
663 = { 1666 1989 2230 }
96639;383;94
664 = { 1668 2317 1794 }
206819;995;201
665 = { 1672 2333 }
147385;953;143
666 = { 1673 2093 2284 }
165527;663;161
667 = { 1675 1837 2157 }
303033;953;295
668 = { 1676 1793 2393 2241 }
504503;695;492
669 = { 1681 1851 2271 1845 }
508694;790;496
670 = { 1682 2449 2034 }
330768;16;323
671 = { 1683 2279 2243 }
215270;230;210
672 = { 1684 2355 }
251768;888;245
673 = { 1686 2070 2197 }
448925;413;438
674 = { 1687 2021 2204 }
283705;57;277
675 = { 1689 2295 2300 }
145578;170;142
676 = { 1692 2354 }
38845;957;37
677 = { 1694 2057 2177 }
310825;553;303
678 = { 1698 1906 1888 }
8447;255;8
679 = { 1699 2219 2027 2380 }
214577;561;209
680 = { 1700 1791 1894 }
146926;494;143
681 = { 1703 2422 1884 }
392045;877;382
682 = { 1704 1968 2324 }
485593;217;474
683 = { 1705 2416 1710 1941 }
391372;204;382
684 = { 1706 1749 2376 }
483824;496;472
685 = { 1707 1850 }
135323;155;132
686 = { 1708 2245 2417 }
388165;69;379
687 = { 1711 1875 }
225239;983;219
688 = { 1712 2056 2298 }
454886;230;444
689 = { 1714 2020 }
520157;989;507
690 = { 1715 1729 1842 }
425572;612;415
691 = { 1716 2312 2152 2090 }
372124;412;363
692 = { 1720 2392 }
271623;263;265
693 = { 1723 2443 2331 1830 }
306162;1010;298
694 = { 1725 1788 2274 2266 }
273587;179;267
695 = { 1726 2186 2135 }
126725;773;123
696 = { 1728 2424 2087 }
91826;690;89
697 = { 1730 1947 2127 }
81664;768;79
698 = { 1731 2349 2048 }
319586;98;312
699 = { 1733 2168 1870 }
212099;131;207
700 = { 1738 2368 1799 1915 }
491246;750;479
701 = { 1739 1880 2196 }
411195;571;401
702 = { 1741 2125 1881 1961 }
146006;598;142
703 = { 1743 1990 2139 }
321492;980;313
704 = { 1747 2017 1806 }
402829;397;393
705 = { 1750 2247 }
362729;233;354
706 = { 1751 2120 }
97944;664;95
707 = { 1753 2228 2321 }
458698;970;447
708 = { 1756 2107 2315 }
476120;984;464
709 = { 1757 2369 1822 2252 }
91086;974;88
710 = { 1759 2347 2064 2337 }
381613;685;372
711 = { 1760 2448 2308 }
511703;727;499
712 = { 1762 1883 1864 }
485027;675;473
713 = { 1766 1956 1998 }
105837;365;103
714 = { 1768 2132 1854 }
511253;277;499
715 = { 1769 1859 2353 }
182350;78;178
716 = { 1776 1798 2374 }
174718;638;170
717 = { 1783 2291 }
325711;79;318
718 = { 1784 1920 2446 }
322852;292;315
719 = { 1786 2306 }
121584;752;118
720 = { 1789 2208 2423 }
246994;210;241
721 = { 1790 2052 1824 2433 }
499148;460;487
722 = { 1792 2116 }
420711;871;410
723 = { 1800 2364 }
422970;58;413
724 = { 1801 2311 2254 }
79673;825;77
725 = { 1802 1843 2126 }
143620;260;140
726 = { 1803 1953 2176 }
170239;255;166
727 = { 1805 2076 1831 }
133658;538;130
728 = { 1807 1893 1950 }
501643;907;489
729 = { 1808 2065 }
440863;543;430
730 = { 1810 1966 }
494644;52;483
731 = { 1817 2019 2225 2216 }
48981;853;47
732 = { 1819 2147 }
352736;480;344
733 = { 1825 2150 2338 }
237636;68;232
734 = { 1828 2394 }
516719;623;504
735 = { 1832 1835 1914 }
8843;651;8
736 = { 1839 2028 }
387688;616;378
737 = { 1841 2207 2327 }
353854;574;345
738 = { 1853 2314 2301 2128 }
48919;791;47
739 = { 1856 2182 }
92444;284;90
740 = { 1861 2206 2109 2012 }
494584;1016;482
741 = { 1862 2131 2212 }
300365;333;293
742 = { 1865 2286 2358 }
399806;446;390
743 = { 1866 2008 }
296416;480;289
744 = { 1867 1886 }
346569;457;338
745 = { 1873 2309 }
236588;44;231
746 = { 1874 2191 }
394837;597;385
747 = { 1879 1921 }
400667;283;391
748 = { 1889 1993 }
104543;95;102
749 = { 1898 1919 }
364115;595;355
750 = { 1899 1954 2108 }
345127;39;337
751 = { 1900 2382 2085 }
406745;217;397
752 = { 1902 2089 }
111046;454;108
753 = { 1903 2437 }
194744;184;190
754 = { 1905 2325 }
143064;728;139
755 = { 1907 1931 2234 }
517023;927;504
756 = { 1909 2164 2299 2257 }
367628;12;359
757 = { 1916 2049 1942 }
509457;529;497
758 = { 1918 2160 2244 2134 }
411568;944;401
759 = { 1925 2144 }
52559;335;51
760 = { 1926 2290 }
438250;1002;427
761 = { 1928 2154 }
466694;774;455
762 = { 1935 2429 2210 }
283873;225;277
763 = { 1936 2173 }
458117;389;447
764 = { 1937 2035 }
98849;545;96
765 = { 1955 2339 }
258131;83;252
766 = { 1957 2121 2404 2178 }
13122;834;12
767 = { 1958 2023 2215 }
329997;269;322
768 = { 1959 2377 }
431563;459;421
769 = { 1965 2199 }
128354;354;125
770 = { 1977 2372 }
516570;474;504
771 = { 1982 2124 }
336505;633;328
772 = { 1985 2378 }
364875;331;356
773 = { 1987 2059 }
468315;347;457
774 = { 2010 2103 }
214052;36;209
775 = { 2015 2200 }
262043;923;255
776 = { 2016 2172 2362 }
273003;619;266
777 = { 2018 2133 }
46088;8;45
778 = { 2022 2180 }
385048;24;376
779 = { 2037 2383 }
304368;240;297
780 = { 2039 2221 }
64193;705;62
781 = { 2042 2360 2044 }
31781;37;31
782 = { 2043 2445 2267 }
378716;860;369
783 = { 2045 2293 }
290504;712;283
784 = { 2053 2260 }
7541;373;7
785 = { 2058 2273 }
483893;565;472
786 = { 2073 2307 2419 }
59908;516;58
787 = { 2079 2202 2123 }
512878;878;500
788 = { 2081 2272 2097 2384 }
140392;104;137
789 = { 2083 2318 2447 2453 }
14312;1000;13
790 = { 2092 2211 2397 }
455473;817;444
791 = { 2101 2344 }
462019;195;451
792 = { 2102 2440 2205 }
514373;325;502
793 = { 2111 2421 }
509487;559;497
794 = { 2114 2430 }
196860;252;192
795 = { 2143 2375 2231 2229 }
48684;556;47
796 = { 2149 2401 }
353146;890;344
797 = { 2162 2255 }
163315;499;159
798 = { 2166 2444 }
30055;359;29
799 = { 2184 2428 }
127654;678;124
800 = { 2192 2263 }
23400;872;22
801 = { 2218 2302 }
108766;222;106
802 = { 2253 2385 }
85601;609;83
803 = { 2262 2439 }
166067;179;162
804 = { 2277 2379 }
348455;295;340
805 = { 2281 2396 2390 }
28268;620;27
806 = { 2359 2426 2366 }
60067;675;58
